0.06415881144605515
0.06451322705020977
0.062159948996003064
0.0672697860347378
0.05779339643204893
0.07236373854289681
0.07256948922661423
0.06819537660031404
0.07569402684711697
0.06252102274381716
0.0663781430403976
0.06980905790821282
0.07249088087594208
0.06467098673455017
0.06553021375396342
0.0627732476699374
0.06341296265048288
0.07020307657108282
0.06910633997818708
0.06842060602563821
0.07503245576252679
0.06410736720349193
0.07170736143836272
0.0627629969758838
0.06649282746634533
0.06676884437288055
0.0641653434439474
0.06969796494065657
0.06621235879918112
0.06589994512609741
0.06455501398511898
0.06946520672009347
0.06775472893269197
0.06687979320307634
0.07168231604503662
0.06256785727018617
0.05979499316421162
0.06950300700010004
0.0707731226060355
0.06498355008788351
0.06424578552826851
0.07156179727388029
0.06521157914150344
0.05604029037924564
0.062309929828669966
0.05963329175660135
0.06634370291809727
0.06071002687842169
0.06933445503470306
0.06739390814368569
0.06710557353940397
0.07908779818153847
0.05969848399115328
0.07603236402856167
0.05560811699829524
0.06689957657554643
0.07401219291964178
0.06349794971813624
0.0657752602235358
0.06314468722044539
0.06838060231782697
0.06595929135915189
0.06741209381753471
0.06650491299884459
0.06191089616947587
0.07447593413769707
0.061593786357731876
0.06685390266600631
0.06171067776191248
0.0603633084997232
0.057342192600321265
0.06727809411366381
0.0634857832196577
0.06710752919381976
0.056801485377171744
0.06545963556110929
0.06779459693144521
0.06274860211981373
0.06006390758890311
0.0620660525139904
0.06771428545731888
0.06231597939874816
0.06071226262389259
0.07002849509629977
0.06584580290850217
0.0653962054161738
0.06328881703207676
0.0563120408279728
0.06556173319913802
0.06638917861284968
0.0644680432956067
0.06595029465417887
0.06314159441080133
0.056967726930717555
0.06456008159638515
0.0631466218257503
0.061402078760977814
0.06988429202530039
0.06034584124322695
0.06839852042805036
