0.06615251517040383
0.07227794818677155
0.059181285399732594
0.06160818111231355
0.0637317238349181
0.063819770230575
0.06016637979164578
0.0727619931585616
0.05611354678747055
0.08378310225259901
0.059697814743088586
0.06359568685729547
0.06525313011233977
0.07111830337024794
0.06368921498985762
0.06899260165308008
0.0715522252937197
0.06884327744076926
0.05983498263267271
0.06862045221071163
0.05595061924946527
0.054553199716549775
0.0706336107758119
0.06865887465970233
0.07068857728896505
0.059679936407007576
0.06786598963700678
0.06654329249785287
0.06588986021240631
0.05594601199017819
0.06414664464774467
0.0584686564077699
0.06625371843815572
0.06722310420453903
0.07101198668928216
0.05411052306806283
0.06484717602008325
0.05726805956477436
0.0752348826551925
0.07471355988911813
0.06329501884260849
0.07115437985190856
0.07074796484108303
0.07077999223154784
0.06599761010513698
0.06616828918093207
0.07519074681082841
0.06333204283649893
0.06969964262510517
0.06223708770031986
0.06822424168665601
0.058813520168807365
0.06619875058476558
0.06778680843508038
0.06652174804496336
0.08150944323877654
0.06419013517117338
0.07022922739370277
0.0700512903069257
0.06535611150576881
0.06749248516121445
0.07352007174765152
0.06960221929220675
0.07076460958194525
0.06640090153199242
0.07547758590555295
0.05444131922346915
0.06321234914145717
0.06417529202744665
0.06316535159094418
0.062429982911149776
0.06483026942399164
0.06938986014223104
0.06532768044996201
0.06513714708765653
0.06358176255871749
0.0660202201711997
0.07219711295457462
0.0683885510625908
0.06076923097715013
0.05158587424931066
0.07221385232366326
0.06267059876256416
0.0708248416805452
0.05964100061633527
0.06242682541495284
0.05982303105136169
0.07013686607982436
0.06500552534012083
0.0711889173521138
0.06838009177311459
0.07050570028920376
0.0642406580686754
0.05996579988693389
0.06814296307029102
0.07203206740801671
0.06648136955531317
0.060754260208898216
0.06251603208618628
0.06957757461860133
