[0.23705148696899414, 0.12442803382873535, 0.133988618850708, 0.12089371681213379, 0.1297461986541748, 0.14240527153015137, 0.1293792724609375, 0.11594128608703613, 0.1151740550994873, 0.13221430778503418]

[0.2701072692871094, 0.1745929718017578, 0.17504215240478516, 0.5198976993560791, 0.18169927597045898, 0.21617341041564941, 0.1820824146270752, 0.17898154258728027, 0.18862247467041016, 0.17625927925109863]

[0.47220325469970703, 0.455935001373291, 0.47492241859436035, 0.41129469871520996, 0.4145801067352295, 0.41295623779296875, 0.43022847175598145, 0.47498464584350586, 0.434736967086792, 0.4193856716156006]

[1.192192792892456, 1.2603051662445068, 1.2238833904266357, 1.2166523933410645, 1.4431653022766113, 1.1980304718017578, 1.4198417663574219, 1.2057530879974365, 1.1560773849487305, 1.0805373191833496]

[3.6516358852386475, 3.4113821983337402, 3.4373817443847656, 3.3372342586517334, 3.6733860969543457, 3.4685027599334717, 3.6741085052490234, 3.60644268989563, 3.584939479827881, 3.6082823276519775]

[4.319765329360962, 4.255692958831787, 4.046529293060303, 4.038117408752441, 4.4164910316467285, 4.272283554077148, 3.9837186336517334, 4.227199077606201, 3.926752805709839, 3.84527850151062]

[16.936100959777832, 16.300108194351196, 17.422236680984497, 17.911073446273804, 17.975386381149292, 18.60213875770569, 19.01967191696167, 19.139301538467407, 20.356260776519775, 20.830257177352905]

Systems Number
------------------------------------------------------------
Support Size

[0.2178330421447754, 0.20152592658996582, 0.1613614559173584, 0.1947486400604248, 0.39273524284362793, 0.17787504196166992, 0.16800785064697266, 0.1714334487915039, 0.15414762496948242, 0.16220951080322266]

[0.2155458927154541, 0.26845312118530273, 0.17516279220581055, 0.1782529354095459, 0.18486857414245605, 0.18995165824890137, 0.18058395385742188, 0.17400026321411133, 0.16425371170043945, 0.16503572463989258]

[0.22005677223205566, 0.19381952285766602, 0.18959307670593262, 0.20700311660766602, 0.20769906044006348, 0.20751595497131348, 0.18314814567565918, 0.1786794662475586, 0.19612956047058105, 0.20633244514465332]


[0.4510972499847412, 0.4280872344970703, 0.43306636810302734, 0.444105863571167, 0.3927309513092041, 0.472564697265625, 0.5096139907836914, 0.5207779407501221, 0.45010900497436523, 0.39935970306396484]

[0.49731922149658203, 0.5298969745635986, 0.5677320957183838, 0.5983633995056152, 0.6231906414031982, 0.5852172374725342, 0.5200743675231934, 0.5106761455535889, 0.5169591903686523, 0.5223751068115234]

[0.8507590293884277, 0.8647921085357666, 0.7691431045532227, 0.9341657161712646, 0.7992801666259766, 0.8732943534851074, 0.9171347618103027, 0.8740506172180176, 0.839397668838501, 0.8891136646270752]

[1.8559672832489014, 1.57786226272583, 1.7693967819213867, 1.7655305862426758, 1.8675994873046875, 1.7697956562042236, 2.4350669384002686, 2.1898789405822754, 1.7899143695831299, 1.9477055072784424]
