[3.0038671493530273, 4.221089124679565, 3.2362220287323, 4.159362554550171, 3.5361275672912598, 3.3670217990875244, 3.678074598312378, 2.9898416996002197, 3.227238178253174, 3.40788197517395]

[10.618366003036499, 8.942800521850586, 6.964468955993652, 7.745086908340454, 10.223178625106812, 8.797930002212524, 7.160760879516602, 6.231989622116089, 8.10171627998352, 19.379698991775513]

[16.547802686691284, 22.80634045600891, 22.400489330291748, 14.403070449829102, 39.8307569026947, 16.43720030784607, 20.571873903274536, 58.88579750061035, 55.27814698219299, 16.306314706802368]

[97.48475289344788, 58.452014207839966, 61.497129678726196, 102.66461205482483, 82.66409873962402, 76.19826054573059, 87.75224876403809, 135.1067636013031, 55.110623359680176, 78.6107976436615]

[103.56097412109375, 81.59032273292542, 168.07887434959412, 70.98891162872314, 85.9448459148407, 147.66311168670654, 113.04164910316467, 147.2720332145691, 225.4617817401886, 122.6295576095581]

[172.68074941635132, 295.1393926143646, 229.95053124427795, 230.7045123577118, 241.48521780967712, 151.43528199195862, 284.9961326122284, 158.55034947395325, 215.62004899978638, 393.5079574584961]

[3562.863115787506, 379.42141819000244, 480.20358419418335, 358.6036775112152, 563.8459348678589, 3294.051948785782, 496.65655398368835, 441.65277075767517, 872.5979573726654, 647.448504447937]


Systems Number
------------------------------------------------------------
Support Size

[10.349228143692017, 7.8382344245910645, 8.628435134887695, 9.01856279373169, 7.767545223236084, 8.216963052749634, 8.205665826797485, 9.310099840164185, 7.6940436363220215, 8.678711891174316]

[10.234909057617188, 7.543323755264282, 6.612930536270142, 6.495635032653809, 22.246644496917725, 6.990581035614014, 8.083095788955688, 8.06042194366455, 8.262188911437988, 7.829187631607056]

9.73955512046814, 13.54349970817566, 9.31135368347168, 14.186421155929565, 11.558686256408691, 15.54333209991455, 12.698657751083374, 10.808283805847168, 11.134276628494263, 10.824421882629395]

[36.415496826171875, 37.766106367111206, 24.852209091186523, 38.63573360443115, 60.823567390441895, 48.912678956985474, 458.3794569969177, 432.5486841201782, 43.35852098464966, 77.16315460205078]

[85.98792767524719, 67.76649022102356, 88.68735909461975, 54.788244009017944, 821.6312582492828, 54.386531352996826, 56.95195651054382, 49.68081784248352, 40.550410985946655, 43.01599740982056]

[175.59227967262268, 147.7415509223938, 253.50316166877747, 3455.915055513382, 3349.624583005905, 117.0089967250824, 91.13731598854065, 154.41361474990845, 132.86467909812927, 104.9072892665863]

[16230.206784963608, 328.1403591632843, 389.2700810432434, 395.428405046463, 330.7989854812622, 307.4840784072876, 197.6760115623474, 305.6538231372833, 343.4007103443146, 201.02934551239014]